Graph #0 from AudioThread1
-100.00000 -100.06994
-99.00000 -99.06994
-98.00000 -98.06994
-97.00000 -97.06994
-96.00000 -96.06995
-95.00000 -95.06994
-94.00000 -94.06994
-93.00000 -93.06995
-92.00000 -92.06994
-91.00000 -91.06995
-90.00000 -90.06994
-89.00000 -89.06994
-88.00000 -88.06995
-87.00000 -87.06995
-86.00000 -86.06995
-85.00000 -85.06995
-84.00000 -84.06994
-83.00000 -83.06995
-82.00000 -82.06995
-81.00000 -81.06995
-80.00000 -80.06995
-79.00000 -79.06995
-78.00000 -78.06996
-77.00000 -77.06996
-76.00000 -76.06996
-75.00000 -75.06997
-74.00000 -74.06997
-73.00000 -73.06998
-72.00000 -72.06998
-71.00000 -71.06998
-70.00000 -70.06999
-69.00000 -69.07000
-68.00000 -68.07001
-67.00000 -67.07001
-66.00000 -66.07002
-65.00000 -65.07003
-64.00000 -64.07005
-63.00000 -63.07006
-62.00000 -62.07007
-61.00000 -61.07008
-60.00000 -60.07010
-59.00000 -59.07013
-58.00000 -58.07015
-57.00000 -57.07017
-56.00000 -56.07020
-55.00000 -55.07023
-54.00000 -54.07027
-53.00000 -53.07031
-52.00000 -52.07035
-51.00000 -51.07040
-50.00000 -50.07046
-49.00000 -49.07053
-48.00000 -48.07060
-47.00000 -47.07067
-46.00000 -46.07076
-45.00000 -45.07086
-44.00000 -44.07098
-43.00000 -43.07111
-42.00000 -42.07125
-41.00000 -41.07141
-40.00000 -40.07159
-39.00000 -39.07178
-38.00000 -38.07201
-37.00000 -37.07227
-36.00000 -36.07255
-35.00000 -35.07287
-34.00000 -34.07323
-33.00000 -33.07362
-32.00000 -32.07408
-31.00000 -31.07457
-30.00000 -30.07513
-29.00000 -29.07577
-28.00000 -28.07647
-27.00000 -27.07726
-26.00000 -26.07815
-25.00000 -25.07914
-24.00000 -24.08025
-23.00000 -23.08148
-22.00000 -22.08288
-21.00000 -21.08443
-20.00000 -20.08616
-19.00000 -19.08809
-18.00000 -18.09027
-17.00000 -17.09267
-16.00000 -16.09537
-15.00000 -15.09836
-14.00000 -14.10171
-13.00000 -13.10542
-12.00000 -12.10954
-11.00000 -11.11413
-10.00000 -10.11921
-9.00000 -9.12483
-8.00000 -8.13105
-7.00000 -7.13791
-6.00000 -6.14547
-5.00000 -5.15379
-4.00000 -4.16290
-3.00000 -3.17287
-2.00000 -2.18376
-1.00000 -1.19561
0.00000 -0.20846
Graph #1 from AudioThread1
-100.00000 -100.06994
-99.00000 -99.06994
-98.00000 -98.06994
-97.00000 -97.06994
-96.00000 -96.06995
-95.00000 -95.06994
-94.00000 -94.06994
-93.00000 -93.06995
-92.00000 -92.06994
-91.00000 -91.06995
-90.00000 -90.06994
-89.00000 -89.06994
-88.00000 -88.06995
-87.00000 -87.06995
-86.00000 -86.06995
-85.00000 -85.06995
-84.00000 -84.06994
-83.00000 -83.06995
-82.00000 -82.06995
-81.00000 -81.06995
-80.00000 -80.06995
-79.00000 -79.06995
-78.00000 -78.06996
-77.00000 -77.06996
-76.00000 -76.06996
-75.00000 -75.06997
-74.00000 -74.06997
-73.00000 -73.06998
-72.00000 -72.06998
-71.00000 -71.06998
-70.00000 -70.06999
-69.00000 -69.07000
-68.00000 -68.07001
-67.00000 -67.07001
-66.00000 -66.07002
-65.00000 -65.07003
-64.00000 -64.07005
-63.00000 -63.07006
-62.00000 -62.07007
-61.00000 -61.07008
-60.00000 -60.07010
-59.00000 -59.07013
-58.00000 -58.07015
-57.00000 -57.07017
-56.00000 -56.07020
-55.00000 -55.07023
-54.00000 -54.07027
-53.00000 -53.07031
-52.00000 -52.07035
-51.00000 -51.07040
-50.00000 -50.07046
-49.00000 -49.07053
-48.00000 -48.07060
-47.00000 -47.07067
-46.00000 -46.07076
-45.00000 -45.07086
-44.00000 -44.07098
-43.00000 -43.07111
-42.00000 -42.07125
-41.00000 -41.07141
-40.00000 -40.07159
-39.00000 -39.07178
-38.00000 -38.07201
-37.00000 -37.07227
-36.00000 -36.07255
-35.00000 -35.07287
-34.00000 -34.07323
-33.00000 -33.07362
-32.00000 -32.07408
-31.00000 -31.07457
-30.00000 -30.07513
-29.00000 -29.07577
-28.00000 -28.07647
-27.00000 -27.07726
-26.00000 -26.07815
-25.00000 -25.07914
-24.00000 -24.08025
-23.00000 -23.08148
-22.00000 -22.08288
-21.00000 -21.08443
-20.00000 -20.08616
-19.00000 -19.08809
-18.00000 -18.09027
-17.00000 -17.09267
-16.00000 -16.09537
-15.00000 -15.09836
-14.00000 -14.10171
-13.00000 -13.10542
-12.00000 -12.10954
-11.00000 -11.11413
-10.00000 -10.11921
-9.00000 -9.12483
-8.00000 -8.13105
-7.00000 -7.13791
-6.00000 -6.14547
-5.00000 -5.15379
-4.00000 -4.16290
-3.00000 -3.17287
-2.00000 -2.18376
-1.00000 -1.19561
0.00000 -0.20846
