Graph #0 from AudioThread1
-100.00000 -101.98201
-99.00000 -100.98200
-98.00000 -99.98201
-97.00000 -98.98201
-96.00000 -97.98201
-95.00000 -96.98201
-94.00000 -95.98200
-93.00000 -94.98201
-92.00000 -93.98200
-91.00000 -92.98201
-90.00000 -91.98201
-89.00000 -90.98200
-88.00000 -89.98201
-87.00000 -88.98200
-86.00000 -87.98201
-85.00000 -86.98201
-84.00000 -85.98200
-83.00000 -84.98201
-82.00000 -83.98201
-81.00000 -82.98201
-80.00000 -81.98201
-79.00000 -80.98201
-78.00000 -79.98201
-77.00000 -78.98201
-76.00000 -77.98201
-75.00000 -76.98201
-74.00000 -75.98201
-73.00000 -74.98201
-72.00000 -73.98200
-71.00000 -72.98201
-70.00000 -71.98201
-69.00000 -70.98201
-68.00000 -69.98201
-67.00000 -68.98200
-66.00000 -67.98201
-65.00000 -66.98201
-64.00000 -65.98201
-63.00000 -64.98201
-62.00000 -63.98201
-61.00000 -62.98201
-60.00000 -61.98201
-59.00000 -60.98201
-58.00000 -59.98201
-57.00000 -58.98201
-56.00000 -57.98201
-55.00000 -56.98201
-54.00000 -55.98201
-53.00000 -54.98201
-52.00000 -53.98201
-51.00000 -52.98201
-50.00000 -51.98201
-49.00000 -50.98201
-48.00000 -49.98201
-47.00000 -48.98200
-46.00000 -47.98201
-45.00000 -46.98201
-44.00000 -45.98200
-43.00000 -44.98200
-42.00000 -43.98201
-41.00000 -42.98200
-40.00000 -41.98200
-39.00000 -40.98201
-38.00000 -39.98200
-37.00000 -38.98200
-36.00000 -37.98201
-35.00000 -36.98200
-34.00000 -35.98201
-33.00000 -34.98200
-32.00000 -33.98201
-31.00000 -32.98201
-30.00000 -31.98201
-29.00000 -30.98201
-28.00000 -29.98201
-27.00000 -28.98202
-26.00000 -27.98203
-25.00000 -26.98203
-24.00000 -25.98205
-23.00000 -24.98205
-22.00000 -23.98208
-21.00000 -22.98210
-20.00000 -21.98213
-19.00000 -20.98217
-18.00000 -19.98223
-17.00000 -18.98229
-16.00000 -17.98238
-15.00000 -16.98248
-14.00000 -15.98262
-13.00000 -14.98279
-12.00000 -13.98301
-11.00000 -12.98329
-10.00000 -11.98363
-9.00000 -10.98408
-8.00000 -9.98464
-7.00000 -8.98533
-6.00000 -7.98622
-5.00000 -6.98733
-4.00000 -5.98871
-3.00000 -4.99043
-2.00000 -3.99258
-1.00000 -2.99524
0.00000 -1.99851
Graph #1 from AudioThread1
-100.00000 -101.98201
-99.00000 -100.98200
-98.00000 -99.98201
-97.00000 -98.98201
-96.00000 -97.98201
-95.00000 -96.98201
-94.00000 -95.98200
-93.00000 -94.98201
-92.00000 -93.98200
-91.00000 -92.98201
-90.00000 -91.98201
-89.00000 -90.98200
-88.00000 -89.98201
-87.00000 -88.98200
-86.00000 -87.98201
-85.00000 -86.98201
-84.00000 -85.98200
-83.00000 -84.98201
-82.00000 -83.98201
-81.00000 -82.98201
-80.00000 -81.98201
-79.00000 -80.98201
-78.00000 -79.98201
-77.00000 -78.98201
-76.00000 -77.98201
-75.00000 -76.98201
-74.00000 -75.98201
-73.00000 -74.98201
-72.00000 -73.98200
-71.00000 -72.98201
-70.00000 -71.98201
-69.00000 -70.98201
-68.00000 -69.98201
-67.00000 -68.98200
-66.00000 -67.98201
-65.00000 -66.98201
-64.00000 -65.98201
-63.00000 -64.98201
-62.00000 -63.98201
-61.00000 -62.98201
-60.00000 -61.98201
-59.00000 -60.98201
-58.00000 -59.98201
-57.00000 -58.98201
-56.00000 -57.98201
-55.00000 -56.98201
-54.00000 -55.98201
-53.00000 -54.98201
-52.00000 -53.98201
-51.00000 -52.98201
-50.00000 -51.98201
-49.00000 -50.98201
-48.00000 -49.98201
-47.00000 -48.98200
-46.00000 -47.98201
-45.00000 -46.98201
-44.00000 -45.98200
-43.00000 -44.98200
-42.00000 -43.98201
-41.00000 -42.98200
-40.00000 -41.98200
-39.00000 -40.98201
-38.00000 -39.98200
-37.00000 -38.98200
-36.00000 -37.98201
-35.00000 -36.98200
-34.00000 -35.98201
-33.00000 -34.98200
-32.00000 -33.98201
-31.00000 -32.98201
-30.00000 -31.98201
-29.00000 -30.98201
-28.00000 -29.98201
-27.00000 -28.98202
-26.00000 -27.98203
-25.00000 -26.98203
-24.00000 -25.98205
-23.00000 -24.98205
-22.00000 -23.98208
-21.00000 -22.98210
-20.00000 -21.98213
-19.00000 -20.98217
-18.00000 -19.98223
-17.00000 -18.98229
-16.00000 -17.98238
-15.00000 -16.98248
-14.00000 -15.98262
-13.00000 -14.98279
-12.00000 -13.98301
-11.00000 -12.98329
-10.00000 -11.98363
-9.00000 -10.98408
-8.00000 -9.98464
-7.00000 -8.98533
-6.00000 -7.98622
-5.00000 -6.98733
-4.00000 -5.98871
-3.00000 -4.99043
-2.00000 -3.99258
-1.00000 -2.99524
0.00000 -1.99851
