Graph #0 from AudioThread1
-100.00000 -102.07079
-99.00000 -101.07079
-98.00000 -100.07079
-97.00000 -99.07079
-96.00000 -98.07079
-95.00000 -97.07079
-94.00000 -96.07079
-93.00000 -95.07079
-92.00000 -94.07079
-91.00000 -93.07079
-90.00000 -92.07079
-89.00000 -91.07079
-88.00000 -90.07079
-87.00000 -89.07079
-86.00000 -88.07080
-85.00000 -87.07079
-84.00000 -86.07079
-83.00000 -85.07080
-82.00000 -84.07079
-81.00000 -83.07080
-80.00000 -82.07080
-79.00000 -81.07080
-78.00000 -80.07080
-77.00000 -79.07080
-76.00000 -78.07081
-75.00000 -77.07081
-74.00000 -76.07082
-73.00000 -75.07082
-72.00000 -74.07082
-71.00000 -73.07082
-70.00000 -72.07082
-69.00000 -71.07083
-68.00000 -70.07083
-67.00000 -69.07084
-66.00000 -68.07085
-65.00000 -67.07085
-64.00000 -66.07086
-63.00000 -65.07087
-62.00000 -64.07088
-61.00000 -63.07088
-60.00000 -62.07090
-59.00000 -61.07091
-58.00000 -60.07093
-57.00000 -59.07094
-56.00000 -58.07096
-55.00000 -57.07098
-54.00000 -56.07101
-53.00000 -55.07104
-52.00000 -54.07106
-51.00000 -53.07110
-50.00000 -52.07114
-49.00000 -51.07118
-48.00000 -50.07123
-47.00000 -49.07128
-46.00000 -48.07133
-45.00000 -47.07141
-44.00000 -46.07148
-43.00000 -45.07157
-42.00000 -44.07166
-41.00000 -43.07177
-40.00000 -42.07188
-39.00000 -41.07202
-38.00000 -40.07217
-37.00000 -39.07233
-36.00000 -38.07253
-35.00000 -37.07273
-34.00000 -36.07297
-33.00000 -35.07323
-32.00000 -34.07353
-31.00000 -33.07387
-30.00000 -32.07424
-29.00000 -31.07466
-28.00000 -30.07512
-27.00000 -29.07565
-26.00000 -28.07623
-25.00000 -27.07688
-24.00000 -26.07762
-23.00000 -25.07843
-22.00000 -24.07935
-21.00000 -23.08037
-20.00000 -22.08151
-19.00000 -21.08279
-18.00000 -20.08421
-17.00000 -19.08578
-16.00000 -18.08755
-15.00000 -17.08951
-14.00000 -16.09168
-13.00000 -15.09410
-12.00000 -14.09677
-11.00000 -13.09974
-10.00000 -12.10301
-9.00000 -11.10663
-8.00000 -10.11062
-7.00000 -9.11500
-6.00000 -8.11980
-5.00000 -7.12506
-4.00000 -6.13081
-3.00000 -5.13706
-2.00000 -4.14385
-1.00000 -3.15118
0.00000 -2.15910
Graph #1 from AudioThread1
-100.00000 -102.07079
-99.00000 -101.07079
-98.00000 -100.07079
-97.00000 -99.07079
-96.00000 -98.07079
-95.00000 -97.07079
-94.00000 -96.07079
-93.00000 -95.07079
-92.00000 -94.07079
-91.00000 -93.07079
-90.00000 -92.07079
-89.00000 -91.07079
-88.00000 -90.07079
-87.00000 -89.07079
-86.00000 -88.07080
-85.00000 -87.07079
-84.00000 -86.07079
-83.00000 -85.07080
-82.00000 -84.07079
-81.00000 -83.07080
-80.00000 -82.07080
-79.00000 -81.07080
-78.00000 -80.07080
-77.00000 -79.07080
-76.00000 -78.07081
-75.00000 -77.07081
-74.00000 -76.07082
-73.00000 -75.07082
-72.00000 -74.07082
-71.00000 -73.07082
-70.00000 -72.07082
-69.00000 -71.07083
-68.00000 -70.07083
-67.00000 -69.07084
-66.00000 -68.07085
-65.00000 -67.07085
-64.00000 -66.07086
-63.00000 -65.07087
-62.00000 -64.07088
-61.00000 -63.07088
-60.00000 -62.07090
-59.00000 -61.07091
-58.00000 -60.07093
-57.00000 -59.07094
-56.00000 -58.07096
-55.00000 -57.07098
-54.00000 -56.07101
-53.00000 -55.07104
-52.00000 -54.07106
-51.00000 -53.07110
-50.00000 -52.07114
-49.00000 -51.07118
-48.00000 -50.07123
-47.00000 -49.07128
-46.00000 -48.07133
-45.00000 -47.07141
-44.00000 -46.07148
-43.00000 -45.07157
-42.00000 -44.07166
-41.00000 -43.07177
-40.00000 -42.07188
-39.00000 -41.07202
-38.00000 -40.07217
-37.00000 -39.07233
-36.00000 -38.07253
-35.00000 -37.07273
-34.00000 -36.07297
-33.00000 -35.07323
-32.00000 -34.07353
-31.00000 -33.07387
-30.00000 -32.07424
-29.00000 -31.07466
-28.00000 -30.07512
-27.00000 -29.07565
-26.00000 -28.07623
-25.00000 -27.07688
-24.00000 -26.07762
-23.00000 -25.07843
-22.00000 -24.07935
-21.00000 -23.08037
-20.00000 -22.08151
-19.00000 -21.08279
-18.00000 -20.08421
-17.00000 -19.08578
-16.00000 -18.08755
-15.00000 -17.08951
-14.00000 -16.09168
-13.00000 -15.09410
-12.00000 -14.09677
-11.00000 -13.09974
-10.00000 -12.10301
-9.00000 -11.10663
-8.00000 -10.11062
-7.00000 -9.11500
-6.00000 -8.11980
-5.00000 -7.12506
-4.00000 -6.13081
-3.00000 -5.13706
-2.00000 -4.14385
-1.00000 -3.15118
0.00000 -2.15910
