Graph #0 from AudioThread1
-100.00000 -101.81967
-99.00000 -100.81966
-98.00000 -99.81967
-97.00000 -98.81967
-96.00000 -97.81967
-95.00000 -96.81967
-94.00000 -95.81966
-93.00000 -94.81967
-92.00000 -93.81967
-91.00000 -92.81967
-90.00000 -91.81967
-89.00000 -90.81966
-88.00000 -89.81967
-87.00000 -88.81967
-86.00000 -87.81967
-85.00000 -86.81967
-84.00000 -85.81966
-83.00000 -84.81967
-82.00000 -83.81966
-81.00000 -82.81967
-80.00000 -81.81967
-79.00000 -80.81967
-78.00000 -79.81967
-77.00000 -78.81967
-76.00000 -77.81967
-75.00000 -76.81967
-74.00000 -75.81967
-73.00000 -74.81967
-72.00000 -73.81966
-71.00000 -72.81967
-70.00000 -71.81967
-69.00000 -70.81967
-68.00000 -69.81967
-67.00000 -68.81966
-66.00000 -67.81967
-65.00000 -66.81967
-64.00000 -65.81967
-63.00000 -64.81967
-62.00000 -63.81967
-61.00000 -62.81967
-60.00000 -61.81967
-59.00000 -60.81967
-58.00000 -59.81967
-57.00000 -58.81967
-56.00000 -57.81967
-55.00000 -56.81967
-54.00000 -55.81967
-53.00000 -54.81967
-52.00000 -53.81967
-51.00000 -52.81967
-50.00000 -51.81967
-49.00000 -50.81967
-48.00000 -49.81967
-47.00000 -48.81967
-46.00000 -47.81966
-45.00000 -46.81966
-44.00000 -45.81967
-43.00000 -44.81966
-42.00000 -43.81966
-41.00000 -42.81967
-40.00000 -41.81966
-39.00000 -40.81966
-38.00000 -39.81966
-37.00000 -38.81966
-36.00000 -37.81966
-35.00000 -36.81966
-34.00000 -35.81966
-33.00000 -34.81966
-32.00000 -33.81966
-31.00000 -32.81966
-30.00000 -31.81965
-29.00000 -30.81967
-28.00000 -29.81966
-27.00000 -28.81966
-26.00000 -27.81966
-25.00000 -26.81967
-24.00000 -25.81968
-23.00000 -24.81968
-22.00000 -23.81970
-21.00000 -22.81971
-20.00000 -21.81973
-19.00000 -20.81975
-18.00000 -19.81980
-17.00000 -18.81983
-16.00000 -17.81989
-15.00000 -16.81996
-14.00000 -15.82005
-13.00000 -14.82018
-12.00000 -13.82033
-11.00000 -12.82052
-10.00000 -11.82078
-9.00000 -10.82110
-8.00000 -9.82150
-7.00000 -8.82201
-6.00000 -7.82266
-5.00000 -6.82349
-4.00000 -5.82453
-3.00000 -4.82584
-2.00000 -3.82750
-1.00000 -2.82958
0.00000 -1.83219
Graph #1 from AudioThread1
-100.00000 -101.81967
-99.00000 -100.81966
-98.00000 -99.81967
-97.00000 -98.81967
-96.00000 -97.81967
-95.00000 -96.81967
-94.00000 -95.81966
-93.00000 -94.81967
-92.00000 -93.81967
-91.00000 -92.81967
-90.00000 -91.81967
-89.00000 -90.81966
-88.00000 -89.81967
-87.00000 -88.81967
-86.00000 -87.81967
-85.00000 -86.81967
-84.00000 -85.81966
-83.00000 -84.81967
-82.00000 -83.81966
-81.00000 -82.81967
-80.00000 -81.81967
-79.00000 -80.81967
-78.00000 -79.81967
-77.00000 -78.81967
-76.00000 -77.81967
-75.00000 -76.81967
-74.00000 -75.81967
-73.00000 -74.81967
-72.00000 -73.81966
-71.00000 -72.81967
-70.00000 -71.81967
-69.00000 -70.81967
-68.00000 -69.81967
-67.00000 -68.81966
-66.00000 -67.81967
-65.00000 -66.81967
-64.00000 -65.81967
-63.00000 -64.81967
-62.00000 -63.81967
-61.00000 -62.81967
-60.00000 -61.81967
-59.00000 -60.81967
-58.00000 -59.81967
-57.00000 -58.81967
-56.00000 -57.81967
-55.00000 -56.81967
-54.00000 -55.81967
-53.00000 -54.81967
-52.00000 -53.81967
-51.00000 -52.81967
-50.00000 -51.81967
-49.00000 -50.81967
-48.00000 -49.81967
-47.00000 -48.81967
-46.00000 -47.81966
-45.00000 -46.81966
-44.00000 -45.81967
-43.00000 -44.81966
-42.00000 -43.81966
-41.00000 -42.81967
-40.00000 -41.81966
-39.00000 -40.81966
-38.00000 -39.81966
-37.00000 -38.81966
-36.00000 -37.81966
-35.00000 -36.81966
-34.00000 -35.81966
-33.00000 -34.81966
-32.00000 -33.81966
-31.00000 -32.81966
-30.00000 -31.81965
-29.00000 -30.81967
-28.00000 -29.81966
-27.00000 -28.81966
-26.00000 -27.81966
-25.00000 -26.81967
-24.00000 -25.81968
-23.00000 -24.81968
-22.00000 -23.81970
-21.00000 -22.81971
-20.00000 -21.81973
-19.00000 -20.81975
-18.00000 -19.81980
-17.00000 -18.81983
-16.00000 -17.81989
-15.00000 -16.81996
-14.00000 -15.82005
-13.00000 -14.82018
-12.00000 -13.82033
-11.00000 -12.82052
-10.00000 -11.82078
-9.00000 -10.82110
-8.00000 -9.82150
-7.00000 -8.82201
-6.00000 -7.82266
-5.00000 -6.82349
-4.00000 -5.82453
-3.00000 -4.82584
-2.00000 -3.82750
-1.00000 -2.82958
0.00000 -1.83219
