Graph #0 from AudioThread1
-100.00000 -95.65288
-99.00000 -94.65496
-98.00000 -93.65697
-97.00000 -92.65370
-96.00000 -91.65623
-95.00000 -90.65682
-94.00000 -89.65447
-93.00000 -88.65752
-92.00000 -87.65611
-91.00000 -86.65691
-90.00000 -85.65752
-89.00000 -84.65865
-88.00000 -83.65935
-87.00000 -82.65862
-86.00000 -81.65977
-85.00000 -80.65884
-84.00000 -79.65920
-83.00000 -78.66022
-82.00000 -77.65955
-81.00000 -76.66011
-80.00000 -75.66004
-79.00000 -74.66016
-78.00000 -73.66017
-77.00000 -72.66048
-76.00000 -71.66045
-75.00000 -70.66029
-74.00000 -69.66053
-73.00000 -68.66080
-72.00000 -67.66086
-71.00000 -66.66114
-70.00000 -65.66155
-69.00000 -64.66209
-68.00000 -63.66257
-67.00000 -62.66302
-66.00000 -61.66339
-65.00000 -60.66377
-64.00000 -59.66405
-63.00000 -58.66423
-62.00000 -57.66433
-61.00000 -56.66407
-60.00000 -55.66385
-59.00000 -54.66399
-58.00000 -53.66421
-57.00000 -52.66436
-56.00000 -51.66460
-55.00000 -50.66474
-54.00000 -49.66455
-53.00000 -48.66464
-52.00000 -47.66479
-51.00000 -46.66497
-50.00000 -45.66496
-49.00000 -44.66498
-48.00000 -43.66510
-47.00000 -42.66504
-46.00000 -41.66518
-45.00000 -40.66516
-44.00000 -39.66529
-43.00000 -38.66536
-42.00000 -37.66541
-41.00000 -36.66550
-40.00000 -35.66563
-39.00000 -34.66578
-38.00000 -33.66599
-37.00000 -32.66619
-36.00000 -31.66648
-35.00000 -30.66681
-34.00000 -29.66725
-33.00000 -28.66780
-32.00000 -27.66848
-31.00000 -26.66933
-30.00000 -25.67042
-29.00000 -24.67178
-28.00000 -23.67349
-27.00000 -22.67563
-26.00000 -21.67835
-25.00000 -20.68175
-24.00000 -19.68604
-23.00000 -18.69144
-22.00000 -17.69822
-21.00000 -16.70676
-20.00000 -15.71750
-19.00000 -14.73100
-18.00000 -13.74798
-17.00000 -12.76934
-16.00000 -11.79614
-15.00000 -10.82981
-14.00000 -9.87205
-13.00000 -8.92497
-12.00000 -7.99124
-11.00000 -7.07402
-10.00000 -6.17725
-9.00000 -5.30557
-8.00000 -4.46445
-7.00000 -3.66010
-6.00000 -2.89921
-5.00000 -2.18836
-4.00000 -1.53294
-3.00000 -0.93520
-2.00000 -0.39177
-1.00000 0.10875
0.00000 0.58457
Graph #1 from AudioThread1
-100.00000 -95.65288
-99.00000 -94.65496
-98.00000 -93.65697
-97.00000 -92.65370
-96.00000 -91.65623
-95.00000 -90.65682
-94.00000 -89.65447
-93.00000 -88.65752
-92.00000 -87.65611
-91.00000 -86.65691
-90.00000 -85.65752
-89.00000 -84.65865
-88.00000 -83.65935
-87.00000 -82.65862
-86.00000 -81.65977
-85.00000 -80.65884
-84.00000 -79.65920
-83.00000 -78.66022
-82.00000 -77.65955
-81.00000 -76.66011
-80.00000 -75.66004
-79.00000 -74.66016
-78.00000 -73.66017
-77.00000 -72.66048
-76.00000 -71.66045
-75.00000 -70.66029
-74.00000 -69.66053
-73.00000 -68.66080
-72.00000 -67.66086
-71.00000 -66.66114
-70.00000 -65.66155
-69.00000 -64.66209
-68.00000 -63.66257
-67.00000 -62.66302
-66.00000 -61.66339
-65.00000 -60.66377
-64.00000 -59.66405
-63.00000 -58.66423
-62.00000 -57.66433
-61.00000 -56.66407
-60.00000 -55.66385
-59.00000 -54.66399
-58.00000 -53.66421
-57.00000 -52.66436
-56.00000 -51.66460
-55.00000 -50.66474
-54.00000 -49.66455
-53.00000 -48.66464
-52.00000 -47.66479
-51.00000 -46.66497
-50.00000 -45.66496
-49.00000 -44.66498
-48.00000 -43.66510
-47.00000 -42.66504
-46.00000 -41.66518
-45.00000 -40.66516
-44.00000 -39.66529
-43.00000 -38.66536
-42.00000 -37.66541
-41.00000 -36.66550
-40.00000 -35.66563
-39.00000 -34.66578
-38.00000 -33.66599
-37.00000 -32.66619
-36.00000 -31.66648
-35.00000 -30.66681
-34.00000 -29.66725
-33.00000 -28.66780
-32.00000 -27.66848
-31.00000 -26.66933
-30.00000 -25.67042
-29.00000 -24.67178
-28.00000 -23.67349
-27.00000 -22.67563
-26.00000 -21.67835
-25.00000 -20.68175
-24.00000 -19.68604
-23.00000 -18.69144
-22.00000 -17.69822
-21.00000 -16.70676
-20.00000 -15.71750
-19.00000 -14.73100
-18.00000 -13.74798
-17.00000 -12.76934
-16.00000 -11.79614
-15.00000 -10.82981
-14.00000 -9.87205
-13.00000 -8.92497
-12.00000 -7.99124
-11.00000 -7.07402
-10.00000 -6.17725
-9.00000 -5.30557
-8.00000 -4.46445
-7.00000 -3.66010
-6.00000 -2.89921
-5.00000 -2.18836
-4.00000 -1.53294
-3.00000 -0.93520
-2.00000 -0.39177
-1.00000 0.10875
0.00000 0.58457
