Graph #0 from AudioThread1
-100.00000 -94.86088
-99.00000 -93.86195
-98.00000 -92.86117
-97.00000 -91.86030
-96.00000 -90.86175
-95.00000 -89.86304
-94.00000 -88.86322
-93.00000 -87.86126
-92.00000 -86.86288
-91.00000 -85.86313
-90.00000 -84.86372
-89.00000 -83.86341
-88.00000 -82.86392
-87.00000 -81.86475
-86.00000 -80.86468
-85.00000 -79.86407
-84.00000 -78.86449
-83.00000 -77.86478
-82.00000 -76.86462
-81.00000 -75.86487
-80.00000 -74.86514
-79.00000 -73.86501
-78.00000 -72.86541
-77.00000 -71.86526
-76.00000 -70.86540
-75.00000 -69.86539
-74.00000 -68.86584
-73.00000 -67.86630
-72.00000 -66.86700
-71.00000 -65.86737
-70.00000 -64.86792
-69.00000 -63.86842
-68.00000 -62.86878
-67.00000 -61.86910
-66.00000 -60.86935
-65.00000 -59.86955
-64.00000 -58.86932
-63.00000 -57.86910
-62.00000 -56.86917
-61.00000 -55.86940
-60.00000 -54.86957
-59.00000 -53.86987
-58.00000 -52.87009
-57.00000 -51.86989
-56.00000 -50.86995
-55.00000 -49.87009
-54.00000 -48.87029
-53.00000 -47.87037
-52.00000 -46.87033
-51.00000 -45.87048
-50.00000 -44.87042
-49.00000 -43.87059
-48.00000 -42.87054
-47.00000 -41.87072
-46.00000 -40.87075
-45.00000 -39.87083
-44.00000 -38.87094
-43.00000 -37.87109
-42.00000 -36.87123
-41.00000 -35.87143
-40.00000 -34.87167
-39.00000 -33.87198
-38.00000 -32.87234
-37.00000 -31.87281
-36.00000 -30.87340
-35.00000 -29.87412
-34.00000 -28.87505
-33.00000 -27.87620
-32.00000 -26.87765
-31.00000 -25.87947
-30.00000 -24.88176
-29.00000 -23.88465
-28.00000 -22.88829
-27.00000 -21.89285
-26.00000 -20.89861
-25.00000 -19.90585
-24.00000 -18.91497
-23.00000 -17.92642
-22.00000 -16.94084
-21.00000 -15.95898
-20.00000 -14.98177
-19.00000 -14.01043
-18.00000 -13.04642
-17.00000 -12.09161
-16.00000 -11.14829
-15.00000 -10.21932
-14.00000 -9.30821
-13.00000 -8.41925
-12.00000 -7.55759
-11.00000 -6.72940
-10.00000 -5.94174
-9.00000 -5.20247
-8.00000 -4.51960
-7.00000 -3.90017
-6.00000 -3.34800
-5.00000 -2.86055
-4.00000 -2.42577
-3.00000 -2.02339
-2.00000 -1.63617
-1.00000 -1.25167
0.00000 -0.72786
Graph #1 from AudioThread1
-100.00000 -94.86088
-99.00000 -93.86195
-98.00000 -92.86117
-97.00000 -91.86030
-96.00000 -90.86175
-95.00000 -89.86304
-94.00000 -88.86322
-93.00000 -87.86126
-92.00000 -86.86288
-91.00000 -85.86313
-90.00000 -84.86372
-89.00000 -83.86341
-88.00000 -82.86392
-87.00000 -81.86475
-86.00000 -80.86468
-85.00000 -79.86407
-84.00000 -78.86449
-83.00000 -77.86478
-82.00000 -76.86462
-81.00000 -75.86487
-80.00000 -74.86514
-79.00000 -73.86501
-78.00000 -72.86541
-77.00000 -71.86526
-76.00000 -70.86540
-75.00000 -69.86539
-74.00000 -68.86584
-73.00000 -67.86630
-72.00000 -66.86700
-71.00000 -65.86737
-70.00000 -64.86792
-69.00000 -63.86842
-68.00000 -62.86878
-67.00000 -61.86910
-66.00000 -60.86935
-65.00000 -59.86955
-64.00000 -58.86932
-63.00000 -57.86910
-62.00000 -56.86917
-61.00000 -55.86940
-60.00000 -54.86957
-59.00000 -53.86987
-58.00000 -52.87009
-57.00000 -51.86989
-56.00000 -50.86995
-55.00000 -49.87009
-54.00000 -48.87029
-53.00000 -47.87037
-52.00000 -46.87033
-51.00000 -45.87048
-50.00000 -44.87042
-49.00000 -43.87059
-48.00000 -42.87054
-47.00000 -41.87072
-46.00000 -40.87075
-45.00000 -39.87083
-44.00000 -38.87094
-43.00000 -37.87109
-42.00000 -36.87123
-41.00000 -35.87143
-40.00000 -34.87167
-39.00000 -33.87198
-38.00000 -32.87234
-37.00000 -31.87281
-36.00000 -30.87340
-35.00000 -29.87412
-34.00000 -28.87505
-33.00000 -27.87620
-32.00000 -26.87765
-31.00000 -25.87947
-30.00000 -24.88176
-29.00000 -23.88465
-28.00000 -22.88829
-27.00000 -21.89285
-26.00000 -20.89861
-25.00000 -19.90585
-24.00000 -18.91497
-23.00000 -17.92642
-22.00000 -16.94084
-21.00000 -15.95898
-20.00000 -14.98177
-19.00000 -14.01043
-18.00000 -13.04642
-17.00000 -12.09161
-16.00000 -11.14829
-15.00000 -10.21932
-14.00000 -9.30821
-13.00000 -8.41925
-12.00000 -7.55759
-11.00000 -6.72940
-10.00000 -5.94174
-9.00000 -5.20247
-8.00000 -4.51960
-7.00000 -3.90017
-6.00000 -3.34800
-5.00000 -2.86055
-4.00000 -2.42577
-3.00000 -2.02339
-2.00000 -1.63617
-1.00000 -1.25167
0.00000 -0.72786
