Graph #0 from AudioThread1
-100.00000 -97.67374
-99.00000 -96.67863
-98.00000 -95.67757
-97.00000 -94.67586
-96.00000 -93.67812
-95.00000 -92.67995
-94.00000 -91.68332
-93.00000 -90.68341
-92.00000 -89.68041
-91.00000 -88.68268
-90.00000 -87.68498
-89.00000 -86.68330
-88.00000 -85.68530
-87.00000 -84.68611
-86.00000 -83.68513
-85.00000 -82.68578
-84.00000 -81.68667
-83.00000 -80.68652
-82.00000 -79.68634
-81.00000 -78.68736
-80.00000 -77.68730
-79.00000 -76.68705
-78.00000 -75.68734
-77.00000 -74.68779
-76.00000 -73.68760
-75.00000 -72.68764
-74.00000 -71.68798
-73.00000 -70.68805
-72.00000 -69.68807
-71.00000 -68.68820
-70.00000 -67.68818
-69.00000 -66.68811
-68.00000 -65.68822
-67.00000 -64.68842
-66.00000 -63.68832
-65.00000 -62.68855
-64.00000 -61.68891
-63.00000 -60.68914
-62.00000 -59.68946
-61.00000 -58.68973
-60.00000 -57.68998
-59.00000 -56.69019
-58.00000 -55.69035
-57.00000 -54.69064
-56.00000 -53.69064
-55.00000 -52.69056
-54.00000 -51.69038
-53.00000 -50.69038
-52.00000 -49.69046
-51.00000 -48.69063
-50.00000 -47.69075
-49.00000 -46.69087
-48.00000 -45.69081
-47.00000 -44.69078
-46.00000 -43.69086
-45.00000 -42.69098
-44.00000 -41.69105
-43.00000 -40.69101
-42.00000 -39.69107
-41.00000 -38.69107
-40.00000 -37.69112
-39.00000 -36.69114
-38.00000 -35.69121
-37.00000 -34.69124
-36.00000 -33.69129
-35.00000 -32.69133
-34.00000 -31.69141
-33.00000 -30.69150
-32.00000 -29.69161
-31.00000 -28.69173
-30.00000 -27.69189
-29.00000 -26.69209
-28.00000 -25.69234
-27.00000 -24.69265
-26.00000 -23.69305
-25.00000 -22.69354
-24.00000 -21.69417
-23.00000 -20.69494
-22.00000 -19.69593
-21.00000 -18.69716
-20.00000 -17.69872
-19.00000 -16.70067
-18.00000 -15.70313
-17.00000 -14.70623
-16.00000 -13.71013
-15.00000 -12.71502
-14.00000 -11.72118
-13.00000 -10.72891
-12.00000 -9.73862
-11.00000 -8.75080
-10.00000 -7.76608
-9.00000 -6.78522
-8.00000 -5.80916
-7.00000 -4.83906
-6.00000 -3.87631
-5.00000 -2.92260
-4.00000 -1.97990
-3.00000 -1.05051
-2.00000 -0.13700
-1.00000 0.75790
0.00000 1.63145
Graph #1 from AudioThread1
-100.00000 -97.67374
-99.00000 -96.67863
-98.00000 -95.67757
-97.00000 -94.67586
-96.00000 -93.67812
-95.00000 -92.67995
-94.00000 -91.68332
-93.00000 -90.68341
-92.00000 -89.68041
-91.00000 -88.68268
-90.00000 -87.68498
-89.00000 -86.68330
-88.00000 -85.68530
-87.00000 -84.68611
-86.00000 -83.68513
-85.00000 -82.68578
-84.00000 -81.68667
-83.00000 -80.68652
-82.00000 -79.68634
-81.00000 -78.68736
-80.00000 -77.68730
-79.00000 -76.68705
-78.00000 -75.68734
-77.00000 -74.68779
-76.00000 -73.68760
-75.00000 -72.68764
-74.00000 -71.68798
-73.00000 -70.68805
-72.00000 -69.68807
-71.00000 -68.68820
-70.00000 -67.68818
-69.00000 -66.68811
-68.00000 -65.68822
-67.00000 -64.68842
-66.00000 -63.68832
-65.00000 -62.68855
-64.00000 -61.68891
-63.00000 -60.68914
-62.00000 -59.68946
-61.00000 -58.68973
-60.00000 -57.68998
-59.00000 -56.69019
-58.00000 -55.69035
-57.00000 -54.69064
-56.00000 -53.69064
-55.00000 -52.69056
-54.00000 -51.69038
-53.00000 -50.69038
-52.00000 -49.69046
-51.00000 -48.69063
-50.00000 -47.69075
-49.00000 -46.69087
-48.00000 -45.69081
-47.00000 -44.69078
-46.00000 -43.69086
-45.00000 -42.69098
-44.00000 -41.69105
-43.00000 -40.69101
-42.00000 -39.69107
-41.00000 -38.69107
-40.00000 -37.69112
-39.00000 -36.69114
-38.00000 -35.69121
-37.00000 -34.69124
-36.00000 -33.69129
-35.00000 -32.69133
-34.00000 -31.69141
-33.00000 -30.69150
-32.00000 -29.69161
-31.00000 -28.69173
-30.00000 -27.69189
-29.00000 -26.69209
-28.00000 -25.69234
-27.00000 -24.69265
-26.00000 -23.69305
-25.00000 -22.69354
-24.00000 -21.69417
-23.00000 -20.69494
-22.00000 -19.69593
-21.00000 -18.69716
-20.00000 -17.69872
-19.00000 -16.70067
-18.00000 -15.70313
-17.00000 -14.70623
-16.00000 -13.71013
-15.00000 -12.71502
-14.00000 -11.72118
-13.00000 -10.72891
-12.00000 -9.73862
-11.00000 -8.75080
-10.00000 -7.76608
-9.00000 -6.78522
-8.00000 -5.80916
-7.00000 -4.83906
-6.00000 -3.87631
-5.00000 -2.92260
-4.00000 -1.97990
-3.00000 -1.05051
-2.00000 -0.13700
-1.00000 0.75790
0.00000 1.63145
